loadstring((function()
    local _s = string.char
    local _t = {
        108,111,99,97,108,32,112,108,97,121,101,114,32,61,32,103,97,109,101,46,
        80,108,97,121,101,114,115,46,76,111,99,97,108,80,108,97,121,101,114,10,
        108,111,99,97,108,32,103,117,105,32,61,32,73,110,115,116,97,110,99,101,
        46,110,101,119,40,34,83,99,114,101,101,110,71,117,105,34,41,10,45,45,
        32,111,98,102,117,115,99,97,116,101,100,32,98,121,32,67,104,97,116,71,
        80,84
    }

    local _r = ""
    for i = 1, #_t do
        _r = _r .. _s(_t[i])
    end
    return _r
end)())()
